D=0.6 tau=1.14506756756772 phi=2
D=0.4 tau=0.85880067567579 phi=2
D=0 tau=2.37919594594626 phi=2.35394736842239
