D=0.6 tau=1.14506756756772 phi=2
D=0.8 tau=1.14506756756772 phi=2
D=0 tau=1.88936148648673 phi=2
